1 10
100 200
201 210
900 1000
20 30
100 500
3000 5000
100000 100500
100000 200000
500000 500001
500 1
1 850000
200000 100000
450 900
1000 10000
1 999999
450000 700000
1 450000
511935 700000
1 511934
5764 87234
484623 500000
4738 5000
5 25
3726 4000
22000 85000
476940 550000
27640 500000
1834 1999
38038 49999
374739 750000
234 500
68678 70000
3958 10000
22288 30000
9375 100000
2048 5000
375638 450000
9 18
5637 23000
247 2300
5739 12500
103857 250000
3762 4000
375 600
1029 1100
1010 2000
345 450
56867 100000
239846 25000
234500 250000
230 287
234720 35409
456457 58090
2347 324897
9994 150000 
20406 25000
9992 10000
9999 10000
937 7830
34403  52000
234345 752790
93958 364915
230349 73619
745 345243
234 770055
12121 421082
13437 632784
43056 160920
38596 265515
4382 103961
1137 451282
112 608344
560 260260
42309 3455
234 14779
657 11490
96 59033
2477 2114 
2047 8660
389 350
95858 5410
2045 7615
92475 246958
393849 656129
39284 128729
2938 77604
20101 406015
111 106649
11111 918800
10101 746230
3934 164958
283840 20424
923 398462
239090 320789
289889 567533
203030 70382
30000 182478
3000 16991
3343 11307
20934 6864
9023 811
3848 1641
288 563
